 0  0  0  0  0  0  0  0  1  9 14 20 18 16 18 13 10 10  3 10 13 18 21  9  3 
 0  0  0  0  0  0  0  9 14 18 18 22 23 27 23 20 18 15 14 16 18 22 15 18 18 
 0  0  0  0  0  2 12  7 19 21 19 24 23 23 22 17 13  6  1 18 18  5  0  0 12 
 0  0  0  0  5  6 14 30 21 22 19 20 17 16 13  3 11  9 12 11  4  0  0  0  2 
 0  0  0  5 21 24 25 30 23 19 15 12 16 15  1  4  0  0  1  0  0  0  0  0  0 
 0  3 20 23 24 27 19 18 20 21 10  9  5  0  0  0  1  0  0  0  0  0  0  0  0 
 9  7 24 16 18 22 20 18 16  8  0  0  0  0  0  0  0  0  0  0  0  0  0  0  0 
20 24 20 17 19 20  6  9  0  0  0  0  0  0  0  0  0  0  0  0  0  0  0  0  0 
18 13  3  2  6  2  1  0  0  0  0  0  0  0  0  0  0  0  0  0  0  0  0  0  0 
12 13  0  0  0  0  0  0  0  0  0  0  0  0  0  0  0  0  0  0  0  0  0  0  0 
 1  4  0  0  0  0  0  0  0  0  0  0  0  0  0  0  0  2  0  0  0  0  0  0  0 
 0  0  0  0  4  8  0  0  0  0  0  0  0  0  0  0  1  6  0  0  0  0  0  0  3 
 0  0  0  0  0  0  0  0  0  0  0  0  0  0  3  0  7  2  0  0  0  0  0  0  0 
 0  0  0  0  0  0  0  0  0  0  0  0  0  0  0  2 13  1  0  0  0  0  0  0  0 
 0  0  0  0  0  0  0  0  0  0  0  0  0  0  0  3 16  1  0  0  0  0  0  0  0 
 0  0  0  0  0  0  0  0  0  0  0  0  0  0  0  3  8  0  0  0  0  0  0  0  0 
 0  0  0  0  0  0  0  0  0  0  0  0  0  0  0  2  1  0  0  0  0  0  0  0  0 
 0  0  0  0  0  0  0  0  0  0  0  0  0  0  0  1  0  0  0  0  0  0  0  0  0 
 0  0  0  0  0  0  0  0  0  0  0  0  0  0  0  0  0  0  0  0  0  0  0  0  0 
 0  0  0  0  0  0  0  0  0  0  0  0  0  0  0  0  0  0  0  0  0  0  0  0  0 
 0  0  0  0  0  0  0  0  0  0  0  0  0  1  0  0  0  0  0  0  0  0  0  0  0 
 0  0  0  0  0  0  0  0  0  0  0  0  1  0  0  0  0  0  0  0  0  0  0  0  0 
 0  0  0  0  0  0  0  0  0  0  0  0  0  0  0  0  0  0  0  1  0  0  0  0  0 
 0  0  0  0  0  0  0  0  0  0  0  0  0  0  1 11 12 12  1  0  0  0  0  0  0 
 0  0  0  0  0  0  0  0  0  0  0  0  0  3  7  9  4  4  0  0  0  0  0  0  0 
